Webots Project File version R2022a
perspectives: 000000ff00000000fd00000002000000010000011c00000405fc0200000001fb0000001400540065007800740045006400690074006f00720000000016000004050000008900ffffff0000000300000a000000004cfc0100000001fb0000001a0043006f006e0073006f006c00650041006c006c0041006c006c010000000000000a000000006900ffffff00000a000000049200000001000000020000000100000008fc00000000
simulationViewPerspectives: 000000ff0000000100000002000002d00000072e0100000002010000000100
sceneTreePerspectives: 000000ff0000000100000002000002fc000000fa0100000002010000000200
maximizedDockId: -1
centralWidgetVisible: 1
orthographicViewHeight: 1
textFiles: 0 "../../mycobot_3DPrint/worlds/myCobot.wbt"
consoles: Console:All:All
renderingDevicePerspectives: robot:camera_side;1;1;0;0
renderingDevicePerspectives: robot:camera_top;1;1;0.82481;0.00309278
